
generation |  best  | average | standard
number     |  value | fitness | deviation

      1,   | 173.975 | 91.106 | 45.530 
      2,   | 173.975 | 109.391 | 41.530 
      3,   | 177.017 | 126.643 | 34.112 
      4,   | 177.017 | 139.251 | 25.894 
      5,   | 177.172 | 145.413 | 26.847 
      6,   | 178.209 | 142.836 | 29.028 
      7,   | 178.209 | 142.561 | 30.516 
      8,   | 178.209 | 149.075 | 23.432 
      9,   | 178.209 | 149.740 | 19.433 
     10,   | 178.209 | 147.473 | 22.546 
     11,   | 178.209 | 152.430 | 14.940 
     12,   | 178.209 | 152.923 | 18.132 
     13,   | 178.209 | 158.187 | 10.334 
     14,   | 178.209 | 156.379 | 22.426 
     15,   | 178.209 | 157.264 | 28.294 
     16,   | 178.209 | 163.351 | 10.487 
     17,   | 178.209 | 159.825 | 19.380 
     18,   | 178.209 | 161.363 | 15.158 
     19,   | 178.209 | 161.116 | 13.025 
     20,   | 178.209 | 158.583 | 14.209 
     21,   | 178.209 | 159.394 | 17.444 
     22,   | 178.209 | 161.421 | 18.468 
     23,   | 178.209 | 164.831 | 11.632 
     24,   | 178.209 | 165.623 | 21.289 
     25,   | 178.209 | 159.722 | 29.915 
     26,   | 178.209 | 164.458 | 19.058 
     27,   | 178.209 | 165.783 | 22.194 
     28,   | 178.209 | 160.795 | 30.211 
     29,   | 178.209 | 164.825 | 21.725 
     30,   | 178.209 | 163.451 | 22.251 
     31,   | 178.209 | 165.165 | 20.456 
     32,   | 178.209 | 166.806 | 16.050 
     33,   | 178.209 | 162.566 | 21.610 
     34,   | 178.209 | 165.205 | 16.587 
     35,   | 178.209 | 165.113 | 15.285 
     36,   | 178.209 | 164.540 | 23.134 
     37,   | 178.209 | 165.877 | 18.605 
     38,   | 178.209 | 166.169 | 19.276 
     39,   | 178.209 | 168.529 | 18.062 
     40,   | 178.209 | 165.968 | 24.853 
     41,   | 178.209 | 166.925 | 25.089 
     42,   | 178.209 | 170.216 | 10.281 
     43,   | 178.209 | 166.819 | 17.245 
     44,   | 178.209 | 165.851 | 24.545 
     45,   | 178.209 | 169.082 | 15.706 
     46,   | 178.209 | 166.604 | 22.246 
     47,   | 178.209 | 168.052 | 16.395 
     48,   | 178.209 | 166.240 | 17.437 
     49,   | 178.209 | 166.260 | 16.493 
     50,   | 178.209 | 166.735 | 13.007 
     51,   | 178.209 | 165.648 | 17.132 
     52,   | 178.209 | 167.314 | 21.982 
     53,   | 178.209 | 164.342 | 23.961 
     54,   | 178.209 | 166.777 | 24.435 
     55,   | 178.209 | 169.973 | 13.127 
     56,   | 178.209 | 170.763 | 12.602 
     57,   | 178.209 | 171.757 | 10.188 
     58,   | 178.209 | 168.937 | 20.187 
     59,   | 178.209 | 166.543 | 22.411 
     60,   | 178.209 | 167.668 | 19.713 
     61,   | 178.209 | 167.980 | 16.220 
     62,   | 178.209 | 167.352 | 18.162 
     63,   | 178.209 | 167.826 | 15.439 
     64,   | 178.209 | 169.749 |  9.075 
     65,   | 178.209 | 168.880 | 13.848 
     66,   | 178.209 | 167.748 | 16.455 
     67,   | 178.209 | 169.085 | 11.340 
     68,   | 178.209 | 167.047 | 19.543 
     69,   | 178.209 | 168.545 | 14.445 
     70,   | 178.209 | 166.710 | 19.214 
     71,   | 178.209 | 168.768 | 16.468 
     72,   | 178.209 | 167.703 | 21.694 
     73,   | 178.209 | 169.543 | 14.425 
     74,   | 178.209 | 170.534 |  6.943 
     75,   | 178.209 | 169.350 | 12.428 
     76,   | 178.209 | 163.630 | 26.982 
     77,   | 178.209 | 170.504 |  6.182 
     78,   | 178.209 | 170.554 |  6.302 
     79,   | 178.209 | 170.381 |  6.249 
     80,   | 178.209 | 169.141 | 10.161 
     81,   | 178.209 | 169.094 |  8.989 
     82,   | 178.209 | 167.875 | 16.876 
     83,   | 178.209 | 166.906 | 13.985 
     84,   | 178.209 | 169.000 |  7.143 
     85,   | 178.209 | 166.169 | 20.975 
     86,   | 178.209 | 163.326 | 26.069 
     87,   | 178.209 | 166.336 | 17.700 
     88,   | 178.209 | 168.021 | 14.100 
     89,   | 178.209 | 165.958 | 20.628 
     90,   | 178.209 | 164.649 | 23.244 
     91,   | 178.209 | 169.588 |  8.976 
     92,   | 178.209 | 168.365 | 13.889 
     93,   | 178.209 | 166.081 | 18.238 
     94,   | 178.209 | 164.155 | 25.840 
     95,   | 178.209 | 168.542 | 12.464 
     96,   | 178.209 | 167.766 | 15.824 
     97,   | 178.209 | 167.612 | 16.219 
     98,   | 178.209 | 167.579 | 13.818 
     99,   | 178.209 | 167.971 | 13.370 
    100,   | 178.209 | 166.490 | 19.612 
    101,   | 178.209 | 169.379 |  8.518 
    102,   | 178.209 | 167.985 | 12.952 
    103,   | 178.209 | 169.971 |  7.285 
    104,   | 178.209 | 168.920 |  9.331 
    105,   | 178.209 | 167.806 | 15.974 
    106,   | 178.209 | 167.322 | 16.327 
    107,   | 178.209 | 159.253 | 31.759 
    108,   | 178.209 | 164.521 | 20.954 
    109,   | 178.209 | 164.024 | 23.199 
    110,   | 178.209 | 165.050 | 21.692 
    111,   | 178.209 | 166.059 | 19.623 
    112,   | 178.209 | 164.965 | 21.829 
    113,   | 178.209 | 166.257 | 18.658 
    114,   | 178.209 | 170.016 |  6.835 
    115,   | 178.209 | 167.952 | 15.641 
    116,   | 178.209 | 167.920 | 17.724 
    117,   | 178.209 | 168.165 | 15.997 
    118,   | 178.209 | 168.987 | 16.215 
    119,   | 178.209 | 169.320 | 15.117 
    120,   | 178.209 | 169.124 | 13.982 
    121,   | 178.209 | 168.072 | 18.204 
    122,   | 178.209 | 164.787 | 26.723 
    123,   | 178.209 | 164.991 | 27.525 
    124,   | 178.209 | 167.340 | 23.718 
    125,   | 178.209 | 163.182 | 26.351 
    126,   | 178.209 | 165.945 | 17.370 
    127,   | 178.209 | 166.456 | 20.653 
    128,   | 178.209 | 167.314 | 17.252 
    129,   | 178.209 | 162.202 | 27.586 
    130,   | 178.818 | 160.145 | 32.458 
    131,   | 178.818 | 165.266 | 18.198 
    132,   | 178.818 | 166.566 | 13.624 
    133,   | 178.818 | 165.096 | 14.132 
    134,   | 178.818 | 162.776 | 22.892 
    135,   | 178.818 | 163.426 | 24.822 
    136,   | 178.818 | 164.208 | 22.976 
    137,   | 178.818 | 159.325 | 31.541 
    138,   | 178.818 | 157.976 | 36.133 
    139,   | 178.818 | 166.562 | 18.641 
    140,   | 178.818 | 163.090 | 25.670 
    141,   | 178.936 | 165.121 | 22.532 
    142,   | 178.936 | 169.027 | 12.596 
    143,   | 178.936 | 166.443 | 19.809 
    144,   | 178.936 | 168.412 | 18.052 
    145,   | 178.936 | 169.795 | 11.080 
    146,   | 178.936 | 168.143 | 17.079 
    147,   | 178.936 | 168.859 | 14.242 
    148,   | 178.936 | 170.433 | 13.755 
    149,   | 178.936 | 168.040 | 20.774 
    150,   | 178.936 | 169.385 | 17.239 
    151,   | 178.936 | 168.980 | 20.013 
    152,   | 178.936 | 168.696 | 20.201 
    153,   | 178.936 | 168.195 | 18.727 
    154,   | 178.936 | 170.340 | 11.384 
    155,   | 178.936 | 164.871 | 26.307 
    156,   | 178.936 | 163.311 | 26.573 
    157,   | 178.936 | 165.656 | 23.173 
    158,   | 178.936 | 169.228 | 13.030 
    159,   | 178.936 | 167.888 | 21.036 
    160,   | 178.936 | 169.950 | 11.616 
    161,   | 179.300 | 169.635 | 13.492 
    162,   | 179.300 | 166.678 | 20.054 
    163,   | 179.300 | 168.328 | 14.382 
    164,   | 179.300 | 166.828 | 19.304 
    165,   | 179.300 | 170.457 |  9.258 
    166,   | 179.300 | 167.261 | 21.131 
    167,   | 179.300 | 169.005 | 17.099 
    168,   | 179.300 | 164.080 | 28.623 
    169,   | 179.300 | 167.538 | 22.745 
    170,   | 179.300 | 170.729 |  7.538 
    171,   | 179.300 | 168.002 | 19.925 
    172,   | 179.300 | 167.472 | 16.775 
    173,   | 179.300 | 166.630 | 15.642 
    174,   | 179.300 | 165.565 | 14.611 
    175,   | 179.300 | 168.288 |  6.146 
    176,   | 179.300 | 164.343 | 24.868 
    177,   | 179.300 | 169.449 |  5.648 
    178,   | 179.300 | 165.878 | 22.651 
    179,   | 179.300 | 169.003 | 14.429 
    180,   | 179.300 | 169.592 |  7.994 
    181,   | 179.300 | 169.613 | 11.472 
    182,   | 179.300 | 168.258 | 16.518 
    183,   | 179.300 | 165.479 | 26.161 
    184,   | 179.300 | 164.194 | 27.174 
    185,   | 179.300 | 166.854 | 23.245 
    186,   | 179.300 | 167.570 | 17.997 
    187,   | 179.300 | 171.018 | 15.627 
    188,   | 179.300 | 172.408 | 14.580 
    189,   | 179.300 | 173.223 |  5.902 
    190,   | 179.300 | 172.082 | 14.917 
    191,   | 179.300 | 170.622 | 21.710 
    192,   | 179.300 | 169.872 | 18.151 
    193,   | 179.300 | 166.400 | 24.178 
    194,   | 179.300 | 160.378 | 35.751 
    195,   | 179.300 | 168.907 | 18.633 
    196,   | 179.300 | 167.657 | 24.832 
    197,   | 179.300 | 172.610 |  4.431 
    198,   | 179.300 | 172.077 | 11.518 
    199,   | 179.300 | 170.423 | 16.675 
    200,   | 179.300 | 168.963 | 14.301 
    201,   | 179.300 | 169.181 | 10.882 
    202,   | 179.300 | 167.471 | 15.454 
    203,   | 179.300 | 169.239 | 10.083 
    204,   | 179.300 | 166.340 | 21.606 
    205,   | 179.300 | 164.362 | 29.516 
    206,   | 179.300 | 163.686 | 29.057 
    207,   | 179.300 | 166.209 | 20.802 
    208,   | 179.300 | 162.971 | 28.231 
    209,   | 179.300 | 170.068 | 15.047 
    210,   | 179.300 | 166.760 | 24.086 
    211,   | 179.300 | 167.625 | 17.685 
    212,   | 179.300 | 168.893 | 12.361 
    213,   | 179.300 | 169.617 | 11.992 
    214,   | 179.300 | 164.972 | 20.771 
    215,   | 179.300 | 165.460 | 20.062 
    216,   | 179.300 | 163.435 | 25.045 
    217,   | 179.300 | 164.528 | 22.724 
    218,   | 179.300 | 161.006 | 25.923 
    219,   | 179.300 | 165.915 | 11.828 
    220,   | 179.300 | 166.537 | 16.357 
    221,   | 179.300 | 166.612 | 15.901 
    222,   | 179.300 | 167.454 | 21.345 
    223,   | 179.300 | 167.656 | 15.586 
    224,   | 179.300 | 165.926 | 17.306 
    225,   | 179.300 | 165.826 | 20.023 
    226,   | 179.300 | 161.680 | 29.468 
    227,   | 179.300 | 164.601 | 23.076 
    228,   | 179.300 | 165.937 | 19.005 
    229,   | 179.300 | 168.864 |  6.905 
    230,   | 179.300 | 163.759 | 21.243 
    231,   | 179.300 | 165.735 | 20.589 
    232,   | 179.300 | 168.984 |  8.715 
    233,   | 179.300 | 168.784 | 15.406 
    234,   | 179.300 | 168.700 | 14.813 
    235,   | 179.300 | 168.881 | 15.789 
    236,   | 179.300 | 170.156 |  9.189 
    237,   | 179.300 | 164.803 | 22.539 
    238,   | 179.300 | 166.693 | 20.479 
    239,   | 179.300 | 168.442 | 12.490 
    240,   | 179.300 | 167.611 | 17.157 
    241,   | 179.300 | 162.542 | 29.442 
    242,   | 179.300 | 166.777 | 18.988 
    243,   | 179.300 | 167.740 | 19.741 
    244,   | 179.300 | 168.481 | 18.162 
    245,   | 179.300 | 165.357 | 25.048 
    246,   | 179.300 | 167.892 | 16.297 
    247,   | 179.300 | 169.066 | 16.714 
    248,   | 179.300 | 168.222 | 23.331 
    249,   | 179.300 | 165.917 | 22.894 
    250,   | 179.300 | 167.226 | 22.012 
    251,   | 179.300 | 169.094 | 12.402 
    252,   | 179.300 | 165.264 | 23.317 
    253,   | 179.300 | 166.220 | 17.474 
    254,   | 179.300 | 166.776 | 20.244 
    255,   | 179.300 | 164.915 | 25.355 
    256,   | 179.300 | 166.557 | 21.056 
    257,   | 179.300 | 169.946 | 12.934 
    258,   | 179.300 | 169.638 | 10.142 
    259,   | 179.300 | 168.295 | 10.551 
    260,   | 179.300 | 167.898 | 17.619 
    261,   | 179.300 | 170.598 | 17.631 
    262,   | 179.300 | 171.677 | 11.795 
    263,   | 179.300 | 170.282 | 19.065 
    264,   | 179.300 | 169.295 | 18.353 
    265,   | 179.300 | 167.397 | 24.773 
    266,   | 179.300 | 171.201 |  9.950 
    267,   | 179.300 | 168.758 | 20.685 
    268,   | 179.300 | 168.140 | 21.776 
    269,   | 179.300 | 167.982 | 21.824 
    270,   | 179.300 | 162.992 | 28.720 
    271,   | 179.300 | 163.169 | 25.520 
    272,   | 179.300 | 162.544 | 25.307 
    273,   | 179.300 | 164.911 | 23.967 
    274,   | 179.300 | 169.017 | 15.170 
    275,   | 179.300 | 168.644 | 15.059 
    276,   | 179.300 | 168.699 | 16.667 
    277,   | 179.300 | 168.245 | 19.540 
    278,   | 179.300 | 163.832 | 29.189 
    279,   | 179.300 | 165.316 | 26.292 
    280,   | 179.300 | 168.579 | 19.041 
    281,   | 179.300 | 171.289 |  9.606 
    282,   | 179.300 | 165.178 | 23.206 
    283,   | 179.300 | 164.674 | 23.624 
    284,   | 179.300 | 163.577 | 26.741 
    285,   | 179.300 | 167.258 | 18.351 
    286,   | 179.300 | 169.922 | 17.459 
    287,   | 179.300 | 169.607 | 11.476 
    288,   | 179.300 | 168.756 | 16.746 
    289,   | 179.300 | 165.610 | 27.878 
    290,   | 179.300 | 166.566 | 24.833 
    291,   | 179.300 | 167.128 | 23.462 
    292,   | 179.300 | 169.014 | 17.697 
    293,   | 179.300 | 168.514 | 17.647 
    294,   | 179.300 | 166.612 | 25.509 
    295,   | 179.300 | 170.334 | 16.563 
    296,   | 179.300 | 166.656 | 19.058 
    297,   | 179.300 | 164.194 | 31.276 
    298,   | 179.300 | 167.592 | 29.572 
    299,   | 179.300 | 168.178 | 28.362 
    300,   | 179.300 | 169.505 | 23.762 
    301,   | 179.300 | 171.011 | 20.738 
    302,   | 179.300 | 171.780 | 15.765 
    303,   | 179.300 | 173.066 |  9.787 
    304,   | 179.300 | 169.241 | 19.796 
    305,   | 179.300 | 171.319 | 14.430 
    306,   | 179.665 | 164.022 | 29.759 
    307,   | 179.665 | 169.446 | 19.578 
    308,   | 179.665 | 170.028 | 19.220 
    309,   | 179.665 | 170.555 | 18.059 
    310,   | 179.665 | 173.595 |  6.150 
    311,   | 179.665 | 169.756 | 19.252 
    312,   | 179.665 | 163.411 | 31.084 
    313,   | 179.665 | 171.451 | 12.454 
    314,   | 179.665 | 171.355 | 16.237 
    315,   | 179.665 | 171.738 | 10.712 
    316,   | 179.665 | 170.219 | 16.610 
    317,   | 179.665 | 169.240 | 21.285 
    318,   | 179.665 | 169.491 | 17.388 
    319,   | 179.665 | 167.983 | 22.673 
    320,   | 179.665 | 169.769 | 14.900 
    321,   | 179.665 | 169.309 | 16.290 
    322,   | 179.665 | 169.560 | 13.206 
    323,   | 179.665 | 162.180 | 31.211 
    324,   | 179.665 | 167.461 | 20.884 
    325,   | 179.665 | 166.376 | 22.793 
    326,   | 179.665 | 164.361 | 29.168 
    327,   | 179.665 | 168.940 | 18.588 
    328,   | 179.665 | 168.695 | 18.671 
    329,   | 179.665 | 170.028 | 14.621 
    330,   | 179.665 | 167.023 | 20.840 
    331,   | 179.665 | 170.474 | 16.961 
    332,   | 179.665 | 171.202 | 14.476 
    333,   | 179.665 | 170.888 | 14.401 
    334,   | 179.665 | 170.609 | 16.871 
    335,   | 179.665 | 171.747 | 13.235 
    336,   | 179.665 | 172.982 |  8.399 
    337,   | 179.665 | 166.208 | 28.943 
    338,   | 179.665 | 164.857 | 31.172 
    339,   | 179.665 | 168.929 | 21.661 
    340,   | 179.665 | 170.774 | 18.435 
    341,   | 179.665 | 167.632 | 24.047 
    342,   | 179.665 | 167.017 | 24.399 
    343,   | 179.665 | 168.339 | 22.753 
    344,   | 179.665 | 169.512 | 17.407 
    345,   | 179.665 | 164.524 | 28.382 
    346,   | 179.665 | 167.885 | 19.120 
    347,   | 179.665 | 163.477 | 28.555 
    348,   | 179.665 | 167.277 | 21.804 
    349,   | 179.665 | 170.476 |  9.776 
    350,   | 179.665 | 169.582 | 14.451 
    351,   | 179.665 | 170.018 | 12.380 
    352,   | 179.665 | 168.418 | 18.106 
    353,   | 179.665 | 167.402 | 16.825 
    354,   | 179.665 | 166.491 | 19.630 
    355,   | 179.665 | 167.311 | 17.980 
    356,   | 179.665 | 167.020 | 19.734 
    357,   | 179.665 | 167.613 | 19.004 
    358,   | 179.665 | 168.244 | 17.767 
    359,   | 179.665 | 171.898 | 12.859 
    360,   | 179.665 | 171.128 | 14.881 
    361,   | 179.665 | 169.954 | 12.997 
    362,   | 179.665 | 170.245 | 13.654 
    363,   | 179.665 | 171.387 | 14.632 
    364,   | 179.665 | 168.637 | 23.900 
    365,   | 179.665 | 172.375 | 13.619 
    366,   | 179.665 | 171.815 | 15.178 
    367,   | 179.665 | 173.148 |  5.385 
    368,   | 179.665 | 169.112 | 18.928 
    369,   | 179.665 | 165.056 | 27.052 
    370,   | 179.665 | 171.191 | 13.992 
    371,   | 179.665 | 168.426 | 19.822 
    372,   | 179.665 | 168.126 | 20.452 
    373,   | 179.665 | 169.274 | 15.872 
    374,   | 179.665 | 168.319 | 16.824 
    375,   | 179.665 | 164.229 | 25.661 
    376,   | 179.665 | 167.076 | 18.392 
    377,   | 179.665 | 169.653 | 14.545 
    378,   | 179.665 | 167.613 | 17.775 
    379,   | 179.665 | 166.802 | 20.012 
    380,   | 179.665 | 164.862 | 25.883 
    381,   | 179.665 | 163.859 | 27.343 
    382,   | 179.665 | 167.609 | 19.445 
    383,   | 179.665 | 168.444 | 16.494 
    384,   | 179.665 | 168.229 | 20.808 
    385,   | 179.665 | 167.850 | 16.755 
    386,   | 179.665 | 167.603 | 17.743 
    387,   | 179.665 | 164.700 | 28.110 
    388,   | 179.665 | 165.321 | 25.310 
    389,   | 179.665 | 168.483 | 21.826 
    390,   | 179.665 | 171.609 |  7.768 
    391,   | 179.665 | 169.467 | 15.731 
    392,   | 179.665 | 170.292 | 17.369 
    393,   | 179.665 | 168.886 | 16.795 
    394,   | 179.665 | 166.128 | 27.903 
    395,   | 179.665 | 172.415 | 10.596 
    396,   | 179.665 | 169.026 | 18.960 
    397,   | 179.665 | 168.657 | 23.396 
    398,   | 179.665 | 168.720 | 19.491 
    399,   | 179.665 | 168.747 | 15.929 
    400,   | 179.665 | 167.940 | 20.438 
    401,   | 179.665 | 166.942 | 21.656 
    402,   | 179.665 | 168.336 | 21.899 
    403,   | 179.665 | 169.451 | 22.267 
    404,   | 179.665 | 167.460 | 25.384 
    405,   | 179.665 | 164.229 | 28.817 
    406,   | 179.665 | 167.995 | 17.286 
    407,   | 179.665 | 171.398 | 10.634 
    408,   | 179.665 | 170.778 | 11.893 
    409,   | 179.665 | 166.317 | 18.743 
    410,   | 179.665 | 168.130 | 13.892 
    411,   | 179.665 | 163.014 | 23.703 
    412,   | 179.665 | 161.819 | 28.127 
    413,   | 179.665 | 166.742 | 17.236 
    414,   | 179.665 | 166.204 | 21.045 
    415,   | 179.665 | 170.737 | 12.940 
    416,   | 179.665 | 169.827 | 11.231 
    417,   | 179.665 | 169.986 |  9.775 
    418,   | 179.665 | 169.796 | 11.577 
    419,   | 179.665 | 168.778 | 17.652 
    420,   | 179.665 | 168.122 | 21.873 
    421,   | 179.665 | 170.253 | 12.084 
    422,   | 179.665 | 164.359 | 25.654 
    423,   | 179.665 | 170.903 | 10.468 
    424,   | 179.665 | 168.539 | 15.533 
    425,   | 179.665 | 167.849 | 16.131 
    426,   | 179.665 | 165.730 | 20.239 
    427,   | 179.665 | 166.829 | 20.453 
    428,   | 179.665 | 167.785 | 18.087 
    429,   | 179.665 | 166.705 | 16.518 
    430,   | 179.665 | 165.631 | 18.123 
    431,   | 179.665 | 166.549 | 14.562 
    432,   | 179.665 | 165.963 | 15.294 
    433,   | 179.665 | 161.773 | 27.088 
    434,   | 179.665 | 162.802 | 25.981 
    435,   | 179.665 | 167.690 | 15.446 
    436,   | 179.665 | 167.377 | 19.904 
    437,   | 179.665 | 166.772 | 19.816 
    438,   | 179.665 | 162.581 | 26.571 
    439,   | 179.665 | 162.620 | 25.017 
    440,   | 179.665 | 165.248 | 19.521 
    441,   | 179.665 | 167.467 | 18.304 
    442,   | 179.665 | 168.391 | 17.845 
    443,   | 179.665 | 168.583 | 16.174 
    444,   | 179.665 | 170.783 |  7.013 
    445,   | 179.665 | 170.391 |  7.528 
    446,   | 179.665 | 169.077 | 12.290 
    447,   | 179.665 | 169.841 | 14.108 
    448,   | 179.665 | 168.086 | 20.094 
    449,   | 179.665 | 168.354 | 15.698 
    450,   | 179.665 | 165.707 | 24.832 
    451,   | 179.665 | 167.695 | 16.909 
    452,   | 179.665 | 169.090 | 14.616 
    453,   | 179.665 | 168.139 | 13.101 
    454,   | 179.665 | 168.846 | 13.628 
    455,   | 179.665 | 170.346 |  9.083 
    456,   | 179.665 | 167.278 | 16.382 
    457,   | 179.665 | 167.733 | 19.189 
    458,   | 179.665 | 166.564 | 25.535 
    459,   | 179.665 | 166.878 | 21.138 
    460,   | 179.665 | 169.491 | 12.966 
    461,   | 179.665 | 170.797 |  9.808 
    462,   | 179.665 | 168.927 | 18.574 
    463,   | 179.665 | 171.289 | 17.881 
    464,   | 179.665 | 172.070 | 15.228 
    465,   | 179.665 | 167.323 | 27.499 
    466,   | 179.665 | 172.116 | 16.208 
    467,   | 179.665 | 169.520 | 18.535 
    468,   | 179.665 | 165.436 | 24.537 
    469,   | 179.665 | 164.617 | 27.046 
    470,   | 179.665 | 166.687 | 23.650 
    471,   | 179.665 | 166.779 | 25.691 
    472,   | 179.665 | 170.885 | 19.325 
    473,   | 179.665 | 171.820 | 15.595 
    474,   | 179.665 | 170.971 | 20.138 
    475,   | 179.665 | 171.528 | 17.040 
    476,   | 179.665 | 167.078 | 24.306 
    477,   | 179.665 | 163.374 | 31.573 
    478,   | 179.665 | 166.914 | 27.033 
    479,   | 179.665 | 170.529 | 16.781 
    480,   | 179.665 | 170.247 | 19.629 
    481,   | 179.665 | 172.449 | 14.218 
    482,   | 179.665 | 173.442 |  7.117 
    483,   | 179.665 | 165.722 | 32.955 
    484,   | 179.665 | 164.533 | 29.952 
    485,   | 179.665 | 170.939 | 14.901 
    486,   | 179.665 | 170.047 | 21.119 
    487,   | 179.665 | 170.369 | 22.986 
    488,   | 179.665 | 172.519 | 15.280 
    489,   | 179.665 | 173.065 |  7.286 
    490,   | 179.665 | 168.292 | 24.116 
    491,   | 179.665 | 169.565 | 21.739 
    492,   | 179.665 | 166.516 | 29.427 
    493,   | 179.665 | 165.371 | 31.193 
    494,   | 179.665 | 170.241 | 20.616 
    495,   | 179.665 | 173.357 |  7.185 
    496,   | 179.665 | 171.786 | 16.104 
    497,   | 179.665 | 164.657 | 30.404 
    498,   | 179.665 | 167.687 | 21.217 
    499,   | 179.665 | 167.119 | 23.477 
    500,   | 179.665 | 166.117 | 23.898 

 Simulation completed


 Best member:

 var(0)=12.085
 var(1)=5.798

 Best fitness =179.665