
    0,      -2.380900000, 5.516100000, 36.096044020 
    0,      4.006400000, 4.756200000, 38.672679400 
    0,      3.583600000, 4.970400000, 37.547065120 
    0,      2.768200000, 5.403900000, 36.865066450 
    0,      3.357100000, 5.213500000, 38.450702660 
    0,      3.749700000, 4.695000000, 36.103275090 
    0,      3.734600000, 4.594700000, 35.058505250 
    0,      2.934300000, 5.235600000, 36.021623850 
    0,      2.677600000, 5.439600000, 36.758789920 
    1,      4.429200000, 4.295500000, 38.069132890 
    1,      3.734600000, 4.802100000, 37.007401570 
    1,      -2.380900000, 5.630000000, 37.365584810 
    1,      2.768200000, 5.347800000, 36.261896080 
    1,      2.285000000, 5.618100000, 36.784272610 
    2,      3.734600000, 4.802100000, 37.007401570 
    2,      3.191000000, 5.347800000, 38.781445840 
    2,      3.734600000, 4.802100000, 37.007401570 
    3,      4.550000000, 4.363500000, 39.742632250 
    5,      -2.229900000, 5.677600000, 37.207595770 
    6,      3.764800000, 4.910900000, 38.290657850 
    7,      3.764800000, 4.802100000, 37.233883450 
    8,      3.764800000, 4.802100000, 37.233883450 
    9,      -2.818800000, 5.213500000, 35.126215690 
   14,      3.085300000, 5.232200000, 36.894992930 
   15,      3.085300000, 5.420900000, 38.905232900 
   16,      -2.909400000, 5.449800000, 38.164928400 
   16,      3.417500000, 4.921100000, 35.896531460 
   20,      2.149100000, 5.708200000, 37.202178050 
   22,      2.647400000, 5.708200000, 39.592274000 
   24,      2.617200000, 5.473600000, 36.810032800 
   24,      2.617200000, 5.507600000, 37.183393600 
   24,      4.580200000, 4.304000000, 39.502648040 
   25,      2.617200000, 5.658900000, 38.872885050 
   25,      1.243100000, 5.798300000, 35.165580500 
   27,      -2.773500000, 5.664000000, 39.773198250 
   27,      1.756500000, 5.798300000, 36.705575140 
   27,      -2.486600000, 5.798300000, 39.803462450 
   28,      -2.486600000, 5.798300000, 39.803462450 
   28,      -2.184600000, 5.638500000, 36.565159410 
   29,      3.009800000, 5.531400000, 39.655282000 
   36,      2.889000000, 5.196500000, 35.349933250 
   36,      -2.547000000, 5.567100000, 37.479811410 
   37,      3.779900000, 4.769800000, 37.038636050 
   37,      4.278200000, 4.421300000, 37.850888930 
   39,      2.420900000, 5.529700000, 36.438338900 
   40,      2.420900000, 5.529700000, 36.438338900 
   41,      2.420900000, 5.529700000, 36.438338900 
   41,      2.420900000, 5.529700000, 36.438338900 
   43,      3.100400000, 5.473600000, 39.572777120 
   44,      -2.048700000, 5.567100000, 35.189774100 
   45,      -2.516800000, 5.473600000, 36.294579200 
   46,      -2.078900000, 5.633400000, 36.057020770 
   49,      -2.486600000, 5.378400000, 35.110366120 
   51,      -1.837300000, 5.633400000, 35.110866850 
   52,      1.922600000, 5.633400000, 35.431586320 
   53,      -2.698000000, 5.633400000, 39.014399560 
   58,      1.711200000, 5.684400000, 35.240608800 
   60,      -2.743300000, 5.631700000, 39.241739780 
   63,      3.266500000, 4.941500000, 35.088444500 
   66,      2.330300000, 5.679300000, 37.684746580 
   67,      3.930900000, 4.759600000, 38.105766970 
   68,      -1.746700000, 5.798300000, 36.671243780 
   73,      1.862200000, 5.624900000, 35.107288850 
   73,      2.677600000, 5.509300000, 37.521928250 
   73,      2.722900000, 5.509300000, 37.766570900 
   74,      3.191000000, 5.070700000, 35.894479490 
   75,      4.051700000, 4.698400000, 38.491235450 
   76,      4.051700000, 4.698400000, 38.491235450 
   77,      3.009800000, 5.220300000, 36.310428130 
   78,      2.420900000, 5.526300000, 36.400748500 
   78,      3.613800000, 5.036700000, 38.427897330 
   81,      3.704400000, 4.941500000, 38.141001610 
   82,      2.919200000, 5.504200000, 38.817946280 
   83,      2.798400000, 5.631700000, 39.547087450 
   84,      3.900700000, 4.810600000, 38.357332850 
   91,      3.598700000, 4.839500000, 36.371401940 
   92,      3.734600000, 5.096200000, 39.918491600 
   92,      3.598700000, 5.118300000, 39.147636580 
   93,      3.598700000, 5.096200000, 38.921896130 
   97,      2.813500000, 5.631700000, 39.631827140 
   99,      -2.562100000, 5.368200000, 35.381927650 
  100,      4.368800000, 4.492700000, 39.270766730 
  100,      -2.562100000, 5.368200000, 35.381927650 
  104,      2.617200000, 5.376700000, 35.758638730 
  105,      3.281600000, 5.004400000, 35.812917920 
  110,      2.375600000, 5.679300000, 37.897923850 
  110,      -2.003400000, 5.742200000, 36.986472400 
  111,      -1.535300000, 5.742200000, 35.330006930 
  114,      1.394100000, 5.798300000, 35.563797700 
  114,      -2.063800000, 5.764300000, 37.486424930 
  115,      1.877300000, 5.788100000, 37.026356900 
  118,      -1.656100000, 5.798300000, 36.362950100 
  118,      -1.837300000, 5.798300000, 36.995954180 
  121,      4.550000000, 4.302300000, 39.212285290 
  122,      4.550000000, 4.302300000, 39.212285290 
  124,      3.538300000, 4.815700000, 35.710533380 
  124,      1.786700000, 5.679300000, 35.446745380 
  124,      1.665900000, 5.679300000, 35.029671300 
  124,      -1.822200000, 5.679300000, 35.574861330 
  128,      2.164200000, 5.788100000, 38.185863250 
  129,      -2.773500000, 5.332500000, 36.127858500 
  129,      -2.441300000, 5.679300000, 38.214394180 
  131,      4.263100000, 4.110200000, 35.067765650 
  133,      2.224600000, 5.524600000, 35.470050320 
  133,      -2.441300000, 5.772800000, 39.285165530 
  134,      -1.278600000, 5.791500000, 35.176290210 
  135,      4.399000000, 4.531800000, 39.888412240 
  135,      -2.305400000, 5.798300000, 38.935152050 
  136,      3.553400000, 5.096200000, 38.597906000 
  137,      3.553400000, 5.154000000, 39.190367560 
  137,      -1.505100000, 5.798300000, 35.885608900 
  138,      3.251400000, 4.948300000, 35.057274850 
  139,      2.934300000, 5.313800000, 36.846586930 
  140,      2.556800000, 5.611300000, 38.023913930 
  140,      4.248000000, 4.548800000, 38.737085440 
  142,      -2.758400000, 5.392000000, 36.682434560 
  145,      1.832000000, 5.798300000, 36.976506890 
  145,      3.311800000, 5.352900000, 39.621557650 
  148,      1.620600000, 5.798300000, 36.246627250 
  148,      3.130600000, 5.135300000, 36.171962450 
  148,      -1.188000000, 5.798300000, 35.031626890 
  150,      3.508100000, 5.135300000, 38.678071700 
  151,      -2.033600000, 5.660600000, 36.177921320 
  153,      -2.471500000, 5.565400000, 37.081989410 
  153,      1.348800000, 5.788100000, 35.321363050 
  153,      2.224600000, 5.660600000, 36.991237520 
  154,      2.239700000, 5.798300000, 38.636538980 
  155,      2.239700000, 5.660600000, 37.058648450 
  158,      2.043400000, 5.728600000, 36.992341520 
  162,      -1.248400000, 5.798300000, 35.178785450 
  164,      4.383900000, 4.105100000, 36.070425220 
  165,      -1.912800000, 5.798300000, 37.279086730 
  167,      3.055100000, 5.376700000, 38.242538900 
  167,      2.149100000, 5.660600000, 36.661023170 
  170,      -2.592300000, 5.385200000, 35.720398330 
  173,      -2.531900000, 5.376700000, 35.319420500 
  177,      1.681000000, 5.798300000, 36.446043890 
  177,      2.587000000, 5.366500000, 35.491891250 
  178,      4.338600000, 4.370300000, 37.922972050 
  178,      2.587000000, 5.538200000, 37.364228240 
  179,      3.130600000, 5.089400000, 35.702648720 
  180,      2.783300000, 5.660600000, 39.789151250 
  182,      2.889000000, 5.366500000, 37.145643250 
  183,      2.889000000, 5.366500000, 37.145643250 
  183,      2.889000000, 5.385200000, 37.346700040 
  184,      1.514900000, 5.798300000, 35.915204900 
  185,      -2.078900000, 5.621500000, 35.923087460 
  185,      2.466200000, 5.725200000, 38.860057480 
  186,      3.040000000, 5.366500000, 38.040922250 
  186,      2.466200000, 5.798300000, 39.702425330 
  187,      -2.124200000, 5.798300000, 38.132508530 
  187,      2.541700000, 5.752400000, 39.550344650 
  188,      2.541700000, 5.725200000, 39.238153930 
  189,      1.394100000, 5.783000000, 35.386603810 
  191,      4.006400000, 4.825900000, 39.340551770 
  194,      1.454500000, 5.752400000, 35.205676010 
  197,      -2.547000000, 5.431100000, 35.984056210 
  198,      3.613800000, 5.029900000, 38.359444450 
  200,      1.786700000, 5.752400000, 36.282402650 
  201,      3.024900000, 5.244100000, 36.650604820 
  203,      3.055100000, 5.232200000, 36.709552850 
  204,      2.526600000, 5.752400000, 39.473813320 
  205,      2.526600000, 5.380100000, 35.329183570 
  205,      2.526600000, 5.752400000, 39.473813320 
  206,      3.055100000, 5.232200000, 36.709552850 
  206,      3.236300000, 5.232200000, 37.849554530 
  206,      3.055100000, 5.380100000, 38.279112020 
  207,      3.055100000, 5.194800000, 36.319583050 
  214,      4.021500000, 4.482500000, 36.265268500 
  215,      -1.520200000, 5.789800000, 35.832792080 
  215,      -1.671200000, 5.752400000, 35.883015200 
  215,      -1.399400000, 5.752400000, 35.048426120 
  217,      2.556800000, 5.752400000, 39.627332000 
  217,      4.081900000, 4.482500000, 36.754713860 
  217,      1.499800000, 5.752400000, 35.339505800 
  218,      1.847100000, 5.789800000, 36.933562450 
  220,      -2.260100000, 5.766000000, 38.354808010 
  222,      -2.471500000, 5.390300000, 35.163646340 
  222,      3.885600000, 4.482500000, 35.190693610 
  225,      3.387300000, 5.259400000, 39.135089650 
  225,      3.221200000, 5.339300000, 38.884253930 
  226,      3.387300000, 5.109800000, 37.583857330 
  226,      3.221200000, 5.339300000, 38.884253930 
  227,      3.221200000, 5.259400000, 38.037417800 
  228,      2.088700000, 5.687800000, 36.713736530 
  230,      -2.698000000, 5.315500000, 35.533744250 
  230,      3.628900000, 4.938100000, 37.553746820 
  231,      2.511500000, 5.687800000, 38.658701090 
  232,      4.097000000, 4.577700000, 37.740746290 
  232,      3.175900000, 5.215200000, 37.284651850 
  233,      2.209500000, 5.679300000, 37.136338740 
  234,      2.436000000, 5.687800000, 38.285164840 
  236,      2.496400000, 5.431100000, 35.728860170 
  237,      2.496400000, 5.461700000, 36.062179850 
  238,      2.496400000, 5.687800000, 38.583081800 
  240,      -2.879200000, 5.215200000, 35.488103680 
  240,      -2.441300000, 5.687800000, 38.311014530 
  240,      -1.535300000, 5.798300000, 35.977428980 
  241,      3.870500000, 4.851400000, 38.516852210 
  241,      -2.728200000, 5.320600000, 35.751859600 
  241,      -2.879200000, 5.215200000, 35.488103680 
  242,      -2.879200000, 5.461700000, 38.119959530 
  244,      3.100400000, 5.320600000, 37.921264520 
  244,      2.919200000, 5.412400000, 37.815802400 
  247,      -1.535300000, 5.730300000, 35.193484180 
  248,      -1.535300000, 5.730300000, 35.193484180 
  249,      2.889000000, 5.354600000, 37.018062160 
  249,      4.006400000, 4.353300000, 35.002461850 
  251,      2.571900000, 5.670800000, 38.772642250 
  251,      3.372200000, 5.058800000, 36.963190280 
  252,      3.372200000, 5.058800000, 36.963190280 
  253,      3.930900000, 4.912600000, 39.585613570 
  255,      3.145700000, 5.412400000, 39.189502250 
  255,      -2.501700000, 5.687800000, 38.609571730 
  255,      4.399000000, 4.315900000, 37.978193810 
  256,      -2.501700000, 5.687800000, 38.609571730 
  257,      2.179300000, 5.687800000, 37.100417330 
  259,      2.134000000, 5.568800000, 35.565489440 
  260,      2.134000000, 5.568800000, 35.565489440 
  261,      2.134000000, 5.568800000, 35.565489440 
  262,      2.632300000, 5.630000000, 38.625903290 
  265,      4.685900000, 4.164600000, 39.301551970 
  265,      2.858800000, 5.511000000, 38.543858440 
  266,      4.202700000, 4.366900000, 36.732502900 
  266,      3.055100000, 5.422600000, 38.738226770 
  267,      -2.743300000, 5.660600000, 39.568087250 
  267,      2.285000000, 5.798300000, 38.841507890 
  268,      -2.743300000, 5.660600000, 39.568087250 
  269,      3.266500000, 5.189700000, 37.603008340 
  274,      2.647400000, 5.354600000, 35.680467920 
  274,      -1.716500000, 5.687800000, 35.297441090 
  275,      -1.474900000, 5.798300000, 35.795612900 
  276,      2.738000000, 5.354600000, 36.168385160 
  277,      -1.746700000, 5.798300000, 36.671243780 
  278,      -2.984900000, 5.354600000, 37.581369170 
  278,      -2.607400000, 5.589200000, 38.037691400 
  278,      1.771600000, 5.657200000, 35.142478400 
  278,      2.269900000, 5.511000000, 35.523567010 
  278,      -2.713100000, 5.354600000, 36.032652770 
  280,      1.333700000, 5.798300000, 35.399038580 
  281,      3.553400000, 5.079200000, 38.424924200 
  281,      1.273300000, 5.798300000, 35.241575780 
  282,      1.273300000, 5.798300000, 35.241575780 
  282,      -2.547000000, 5.354600000, 35.158950160 
  282,      1.832000000, 5.660600000, 35.398616360 
  283,      -1.852400000, 5.657200000, 35.435297600 
  286,      1.212900000, 5.798300000, 35.091409300 
  291,      -2.290300000, 5.660600000, 37.287866450 
  292,      -2.109100000, 5.798300000, 38.068585700 
  292,      -2.380900000, 5.660600000, 37.711077170 
  293,      2.496400000, 5.439600000, 35.821261120 
  294,      1.681000000, 5.798300000, 36.446043890 
  294,      2.496400000, 5.439600000, 35.821261120 
  295,      -1.671200000, 5.798300000, 36.413192330 
  297,      -2.245000000, 5.798300000, 38.660307890 
  298,      2.496400000, 5.798300000, 39.852295850 
  299,      1.635700000, 5.798300000, 36.295797380 
  300,      -1.973200000, 5.798300000, 37.513801130 
  300,      -1.218200000, 5.798300000, 35.104294130 
  301,      3.160800000, 5.392000000, 39.064320640 
  301,      -1.973200000, 5.798300000, 37.513801130 
  301,      2.103800000, 5.648700000, 36.333786130 
  301,      -2.320500000, 5.798300000, 39.005003140 
  301,      1.439400000, 5.798300000, 35.692155250 
  302,      -2.139300000, 5.798300000, 38.196887380 
  302,      -1.444700000, 5.798300000, 35.707440980 
  302,      -1.776900000, 5.798300000, 36.777656500 
  303,      2.103800000, 5.798300000, 38.046257330 
  304,      -1.897700000, 5.660600000, 35.643657650 
  306,      -2.456400000, 5.798300000, 39.654183850 
  306,      -1.776900000, 5.798300000, 36.777656500 
  307,      2.300100000, 5.798300000, 38.910742900 
  307,      1.348800000, 5.798300000, 35.439544330 
  307,      -2.698000000, 5.602800000, 38.670571840 
  310,      -2.124200000, 5.798300000, 38.132508530 
  311,      -2.818800000, 5.553500000, 38.786995690 
  311,      -2.124200000, 5.662300000, 36.573866930 
  311,      2.526600000, 5.709900000, 38.986665570 
  312,      -2.124200000, 5.662300000, 36.573866930 
  312,      1.484700000, 5.798300000, 35.824616980 
  312,      2.526600000, 5.709900000, 38.986665570 
  314,      -1.535300000, 5.798300000, 35.977428980 
  314,      -1.837300000, 5.662300000, 35.437312580 
  315,      -2.486600000, 5.475300000, 36.162089650 
  315,      -2.939600000, 5.398800000, 37.788289600 
  316,      -2.486600000, 5.475300000, 36.162089650 
  317,      3.568500000, 4.827600000, 36.039914010 
  317,      -2.486600000, 5.652100000, 38.129413970 
  317,      -2.879200000, 5.315500000, 36.544332890 
  318,      -2.682900000, 5.315500000, 35.452492660 
  318,      -2.486600000, 5.652100000, 38.129413970 
  320,      2.466200000, 5.487200000, 36.191506280 
  320,      -2.124200000, 5.798300000, 38.132508530 
  322,      3.236300000, 5.315500000, 38.728177940 
  322,      1.363900000, 5.798300000, 35.480506100 
  322,      1.469600000, 5.732000000, 35.015548160 
  323,      3.236300000, 5.315500000, 38.728177940 
  325,      3.236300000, 5.223700000, 37.760679380 
  326,      -2.713100000, 5.439600000, 36.950159770 
  326,      3.236300000, 5.315500000, 38.728177940 
  328,      -1.973200000, 5.732000000, 36.749342240 
  330,      2.405800000, 5.798300000, 39.408156530 
  331,      -2.290300000, 5.798300000, 38.865756980 
  334,      3.930900000, 4.914300000, 39.602319300 
  336,      -1.882600000, 5.645300000, 35.413594850 
  336,      1.575300000, 5.798300000, 36.101852980 
  336,      -2.380900000, 5.798300000, 39.288967700 
  337,      -2.969800000, 5.315500000, 37.074252290 
  338,      -2.547000000, 5.497400000, 36.708615760 
  340,      3.719500000, 4.868400000, 37.535998810 
  340,      3.930900000, 4.637200000, 36.955598650 
  341,      3.719500000, 4.887100000, 37.718426660 
  341,      -1.822200000, 5.645300000, 35.189824930 
  341,      1.575300000, 5.798300000, 36.101852980 
  342,      2.632300000, 5.315500000, 35.183543540 
  344,      3.070200000, 5.497400000, 39.647534800 
  344,      1.967900000, 5.798300000, 37.492913300 
  348,      1.620600000, 5.798300000, 36.246627250 
  354,      4.097000000, 4.742600000, 39.277663760 
  354,      -2.547000000, 5.419200000, 35.854937640 
  356,      1.771600000, 5.698000000, 35.605770560 
  360,      4.323500000, 4.555600000, 39.446143610 
  363,      3.040000000, 5.291700000, 37.243688890 
  363,      -2.350700000, 5.461700000, 35.355957380 
  364,      3.040000000, 5.291700000, 37.243688890 
  365,      -2.078900000, 5.798300000, 37.942108100 
  367,      2.602100000, 5.562000000, 37.706768410 
  368,      -1.656100000, 5.798300000, 36.362950100 
  369,      -2.275200000, 5.675900000, 37.392375850 
  371,      1.756500000, 5.798300000, 36.705575140 
  372,      3.402400000, 5.225400000, 38.881130920 
  373,      -1.852400000, 5.798300000, 37.051668650 
  373,      -1.399400000, 5.798300000, 35.578603250 
  374,      -1.671200000, 5.774500000, 36.137759690 
  375,      -1.671200000, 5.774500000, 36.137759690 
  376,      -1.671200000, 5.774500000, 36.137759690 
  376,      -1.233300000, 5.798300000, 35.141311780 
  376,      3.795000000, 4.742600000, 36.894279760 
  377,      2.647400000, 5.562000000, 37.944570760 
  378,      2.677600000, 5.562000000, 38.105385760 
  380,      -2.411100000, 5.798300000, 39.433686100 
  380,      -1.429600000, 5.798300000, 35.664039050 
  382,      -2.713100000, 5.264500000, 35.075871860 
  385,      -2.969800000, 5.291700000, 36.821800930 
  386,      3.930900000, 4.773200000, 38.235413050 
  387,      3.659100000, 4.822500000, 36.645519060 
  387,      2.451100000, 5.798300000, 39.628174100 
  387,      3.206100000, 5.264500000, 37.994037460 
  387,      3.115500000, 5.225400000, 37.011145410 
  387,      3.930900000, 4.773200000, 38.235413050 
  388,      -1.882600000, 5.798300000, 37.164465650 
  389,      3.130600000, 5.352900000, 38.454194770 
  389,      3.991300000, 4.671200000, 37.750585130 
  391,      2.828600000, 5.575600000, 39.088293320 
  392,      1.937700000, 5.798300000, 37.374964180 
  392,      4.414100000, 4.113600000, 36.405983770 
  392,      3.659100000, 5.007800000, 38.467073650 
  395,      -1.625900000, 5.798300000, 36.263833700 
  396,      3.160800000, 5.264500000, 37.705616890 
  397,      -2.849000000, 5.599400000, 39.470081360 
  397,      -2.199700000, 5.599400000, 36.191960450 
  401,      1.998100000, 5.798300000, 37.612686500 
  401,      3.432600000, 5.264500000, 39.497703010 
  401,      -2.728200000, 5.295100000, 35.481159250 
  402,      -2.728200000, 5.599400000, 38.796355600 
  402,      -2.486600000, 5.599400000, 37.536459920 
  403,      -2.486600000, 5.798300000, 39.803462450 
  404,      -2.758400000, 5.599400000, 38.962050920 
  404,      2.330300000, 5.798300000, 39.050580980 
  409,      2.632300000, 5.458300000, 36.722042180 
  410,      3.961100000, 4.727300000, 38.037678500 
  411,      3.070200000, 5.091100000, 35.345427250 
  412,      -2.637600000, 5.570500000, 37.987404010 
  413,      3.085300000, 5.480400000, 39.553860250 
  414,      3.085300000, 5.480400000, 39.553860250 
  416,      2.511500000, 5.570500000, 37.338102500 
  417,      -2.229900000, 5.575600000, 36.059769370 
  420,      1.560200000, 5.798300000, 36.054506930 
  420,      -2.078900000, 5.635100000, 36.076177220 
  420,      2.556800000, 5.635100000, 38.291578250 
  422,      1.620600000, 5.725200000, 35.404259400 
  422,      3.613800000, 4.727300000, 35.406915730 
  426,      -1.535300000, 5.798300000, 35.977428980 
  427,      -2.290300000, 5.798300000, 38.865756980 
  429,      4.595300000, 4.293800000, 39.553500530 
  429,      3.689300000, 4.722200000, 35.910107330 
  430,      3.689300000, 4.722200000, 35.910107330 
  432,      3.689300000, 4.965300000, 38.265138580 
  433,      3.493000000, 5.118300000, 38.398043890 
  434,      3.493000000, 4.844600000, 35.671198160 
  436,      2.285000000, 5.798300000, 38.841507890 
  437,      2.707800000, 5.317200000, 35.604796680 
  437,      -1.565500000, 5.798300000, 36.071073140 
  438,      4.036600000, 4.574300000, 37.218360050 
  439,      4.036600000, 4.574300000, 37.218360050 
  442,      3.462800000, 5.118300000, 38.187978730 
  446,      3.462800000, 4.943200000, 36.426210080 
  447,      3.462800000, 4.955100000, 36.543999850 
  447,      -2.637600000, 5.647000000, 38.845542760 
  448,      1.967900000, 5.647000000, 35.761239410 
  448,      2.134000000, 5.647000000, 36.442565000 
  449,      3.779900000, 4.873500000, 38.038646260 
  450,      3.779900000, 4.873500000, 38.038646260 
  450,      3.779900000, 4.873500000, 38.038646260 
  452,      -2.305400000, 5.647000000, 37.203478160 
  453,      3.719500000, 4.984000000, 38.674936250 
  455,      2.919200000, 5.558600000, 39.419762600 
  456,      3.432600000, 4.955100000, 36.335758770 
  456,      2.073600000, 5.585800000, 35.500978600 
  457,      3.432600000, 4.955100000, 36.335758770 
  457,      4.489600000, 4.363500000, 39.196640410 
  458,      4.489600000, 4.363500000, 39.196640410 
  458,      -2.773500000, 5.558600000, 38.590336210 
  459,      -2.773500000, 5.558600000, 38.590336210 
  461,      -2.486600000, 5.502500000, 36.460685810 
  462,      3.387300000, 5.228800000, 38.814150730 
  464,      -2.577200000, 5.420900000, 36.028116650 
  464,      1.560200000, 5.798300000, 36.054506930 
  465,      -2.577200000, 5.420900000, 36.028116650 
  467,      3.221200000, 5.429400000, 39.854513800 
  472,      2.813500000, 5.633400000, 39.650977810 
  473,      1.816900000, 5.747300000, 36.332582900 
  474,      2.315200000, 5.798300000, 38.980433930 
  474,      1.816900000, 5.747300000, 36.332582900 
  475,      3.372200000, 5.266200000, 39.104595280 
  475,      -2.818800000, 5.402200000, 37.129398280 
  477,      1.273300000, 5.798300000, 35.241575780 
  478,      2.904100000, 5.325700000, 36.796877300 
  480,      -2.516800000, 5.618100000, 37.897329850 
  482,      2.813500000, 5.215200000, 35.114093290 
  483,      -2.622500000, 5.516100000, 37.304865460 
  483,      2.571900000, 5.562000000, 37.550513610 
  484,      2.073600000, 5.798300000, 37.920099850 
  484,      2.813500000, 5.562000000, 38.851626250 
  485,      2.345400000, 5.798300000, 39.121184050 
  486,      2.345400000, 5.798300000, 39.121184050 
  487,      1.273300000, 5.798300000, 35.241575780 
  488,      1.877300000, 5.798300000, 37.144538180 
  489,      2.556800000, 5.720100000, 39.256770250 
  490,      -2.622500000, 5.740500000, 39.830846500 
  491,      1.273300000, 5.798300000, 35.241575780 
  491,      1.484700000, 5.740500000, 35.157674340 
  491,      -1.761800000, 5.740500000, 36.057279490 
  492,      4.399000000, 4.535200000, 39.919240040 
  492,      -2.109100000, 5.798300000, 38.068585700 
  493,      -2.109100000, 5.798300000, 38.068585700 
  493,      3.130600000, 5.230500000, 37.158786610 
  496,      -2.245000000, 5.516100000, 35.467384210 
  497,      -2.245000000, 5.798300000, 38.660307890 
  497,      -2.245000000, 5.633400000, 36.775220560 
  497,      -2.245000000, 5.798300000, 38.660307890 
  498,      -2.245000000, 5.798300000, 38.660307890 
  499,      1.212900000, 5.798300000, 35.091409300 
  499,      3.900700000, 4.548800000, 35.907041930 
  500,      4.308400000, 4.535200000, 39.130349600 
  500,      1.499800000, 5.798300000, 35.869682930 
  500,      -1.625900000, 5.798300000, 36.263833700 